42.0 1.0 15.0 0.006 0.25 0.0 0.25 0.0 0.7788 0.0
42.0 2.0 15.0 0.0119 0.5 0.0 0.25 0.0 0.6065 0.0
42.0 3.0 15.0 0.0179 0.75 0.0 0.25 0.0 0.4724 0.0
42.0 4.0 15.0 0.0238 1.0 0.0 0.25 0.0 0.3679 0.0
42.0 5.0 15.0 0.0298 1.25 0.0 0.25 0.0 0.2865 0.0
42.0 6.0 15.0 0.0357 1.5 0.0 0.25 0.0 0.2231 0.0
42.0 7.0 15.0 0.0417 1.75 0.0 0.25 0.0 0.1738 0.0
42.0 8.0 15.0 0.0476 2.0 0.0 0.25 0.0 0.1353 0.0
42.0 9.0 15.0 0.0536 2.25 0.0 0.25 0.0 0.1054 0.0
42.0 10.0 15.0 0.0595 2.5 0.0 0.25 0.0 0.0821 0.0
42.0 11.0 15.0 0.0655 2.75 0.0 0.25 0.0 0.0639 0.0
42.0 12.0 15.0 0.0714 3.0 0.0 0.25 0.0 0.0498 0.0
42.0 13.0 15.0 0.0774 3.25 0.0 0.25 0.0 0.0388 0.0
42.0 14.0 15.0 0.0833 3.5 0.0 0.25 0.0 0.0302 0.0
42.0 15.0 15.0 0.0893 3.75 0.0 0.25 0.0 0.0235 0.0
42.0 16.0 15.0 0.0952 4.0 0.0 0.25 0.0 0.0183 0.0
42.0 17.0 15.0 0.1012 4.25 0.0 0.25 0.0 0.0143 0.0
42.0 18.0 15.0 0.1071 4.5 0.0 0.25 0.0 0.0111 0.0
42.0 19.0 15.0 0.1131 4.75 0.0 0.25 0.0 0.0087 0.0
42.0 20.0 15.0 0.119 5.0 0.0 0.25 0.0 0.0067 0.0
42.0 21.0 15.0 0.125 5.25 0.0 0.25 0.0 0.0052 0.0
42.0 22.0 15.0 0.131 5.5 0.0 0.25 0.0 0.0041 0.0
42.0 23.0 15.0 0.1369 5.75 0.0 0.25 0.0 0.0032 0.0
42.0 24.0 15.0 0.1429 6.0 0.0 0.25 0.0 0.0025 0.0
42.0 25.0 15.0 0.1488 6.25 0.0 0.25 0.0 0.0019 0.0
42.0 26.0 15.0 0.1548 6.5 0.0 0.25 0.0 0.0015 0.0
42.0 27.0 15.0 0.1607 6.75 0.0 0.25 0.0 0.0012 0.0
42.0 28.0 15.0 0.1667 7.0 0.0 0.25 0.0 9.0E-4 0.0
42.0 29.0 15.0 0.1726 7.25 0.0 0.25 0.0 7.0E-4 0.0
42.0 30.0 15.0 0.1786 7.5 0.0 0.25 0.0 6.0E-4 0.0
42.0 31.0 15.0 0.1845 7.75 0.0 0.25 0.0 4.0E-4 0.0
42.0 32.0 15.0 0.1905 8.0 0.0 0.25 0.0 3.0E-4 0.0
42.0 33.0 15.0 0.1964 8.25 0.0 0.25 0.0 3.0E-4 0.0
42.0 34.0 15.0 0.2024 8.5 0.0 0.25 0.0 2.0E-4 0.0
42.0 35.0 15.0 0.2083 8.75 0.0 0.25 0.0 2.0E-4 0.0
42.0 36.0 15.0 0.2143 9.0 0.0 0.25 0.0 1.0E-4 0.0
42.0 37.0 15.0 0.2202 9.25 0.0 0.25 0.0 1.0E-4 0.0
42.0 38.0 15.0 0.2262 9.5 0.0 0.25 0.0 1.0E-4 0.0
42.0 39.0 15.0 0.2321 9.75 0.0 0.25 0.0 1.0E-4 0.0
42.0 40.0 15.0 0.2381 10.0 0.0 0.25 0.0 0.0 0.0
42.0 41.0 15.0 0.244 10.25 0.0 0.25 0.0 0.0 0.0
42.0 42.0 15.0 0.25 10.5 0.0 0.25 0.0 0.0 0.0
42.0 43.0 15.0 0.256 10.75 0.0 0.25 0.0 0.0 0.0
42.0 44.0 15.0 0.2619 11.0 0.0 0.25 0.0 0.0 0.0
42.0 45.0 15.0 0.2679 11.25 0.0 0.25 0.0 0.0 0.0
42.0 46.0 15.0 0.2738 11.5 0.0 0.25 0.0 0.0 0.0
42.0 47.0 15.0 0.2798 11.75 0.0 0.25 0.0 0.0 0.0
42.0 48.0 15.0 0.2857 12.0 0.0 0.25 0.0 0.0 0.0
42.0 49.0 15.0 0.2917 12.25 0.0 0.25 0.0 0.0 0.0
42.0 50.0 15.0 0.2976 12.5 0.0 0.25 0.0 0.0 0.0
42.0 51.0 15.0 0.3036 12.75 0.0 0.25 0.0 0.0 0.0
42.0 52.0 15.0 0.3095 13.0 0.0 0.25 0.0 0.0 0.0
42.0 53.0 15.0 0.3155 13.25 0.0 0.25 0.0 0.0 0.0
42.0 54.0 15.0 0.3214 13.5 0.0 0.25 0.0 0.0 0.0
42.0 55.0 15.0 0.3274 13.75 0.0 0.25 0.0 0.0 0.0
42.0 56.0 15.0 0.3333 14.0 0.0 0.25 0.0 0.0 0.0
42.0 57.0 15.0 0.3393 14.25 0.0 0.25 0.0 0.0 0.0
42.0 58.0 15.0 0.3452 14.5 0.0 0.25 0.0 0.0 0.0
42.0 59.0 15.0 0.3512 14.75 0.0 0.25 0.0 0.0 0.0
42.0 60.0 15.0 0.3571 15.0 0.0 0.25 0.0 0.0 0.0
42.0 61.0 15.0 0.3631 15.25 0.0 0.25 0.0 0.0 0.0
42.0 62.0 15.0 0.369 15.5 0.0 0.25 0.0 0.0 0.0
42.0 63.0 15.0 0.375 15.75 0.0 0.25 0.0 0.0 0.0
42.0 64.0 15.0 0.381 16.0 0.0 0.25 0.0 0.0 0.0
42.0 65.0 15.0 0.3869 16.25 0.0 0.25 0.0 0.0 0.0
42.0 66.0 15.0 0.3929 16.5 0.0 0.25 0.0 0.0 0.0
42.0 67.0 15.0 0.3988 16.75 0.0 0.25 0.0 0.0 0.0
42.0 68.0 15.0 0.4048 17.0 0.0 0.25 0.0 0.0 0.0
42.0 69.0 15.0 0.4107 17.25 0.0 0.25 0.0 0.0 0.0
42.0 70.0 15.0 0.4167 17.5 0.0 0.25 0.0 0.0 0.0
42.0 71.0 15.0 0.4226 17.75 0.0 0.25 0.0 0.0 0.0
42.0 72.0 15.0 0.4286 18.0 0.0 0.25 0.0 0.0 0.0
42.0 73.0 15.0 0.4345 18.25 0.0 0.25 0.0 0.0 0.0
42.0 74.0 15.0 0.4405 18.5 0.0 0.25 0.0 0.0 0.0
42.0 75.0 15.0 0.4464 18.75 0.0 0.25 0.0 0.0 0.0
42.0 76.0 15.0 0.4524 19.0 0.0 0.25 0.0 0.0 0.0
42.0 77.0 15.0 0.4583 19.25 0.0 0.25 0.0 0.0 0.0
42.0 78.0 15.0 0.4643 19.5 0.0 0.25 0.0 0.0 0.0
42.0 79.0 15.0 0.4702 19.75 0.0 0.25 0.0 0.0 0.0
42.0 80.0 15.0 0.4762 20.0 0.0 0.25 0.0 0.0 0.0
42.0 81.0 15.0 0.4821 20.25 0.0 0.25 0.0 0.0 0.0
42.0 82.0 15.0 0.4881 20.5 0.0 0.25 0.0 0.0 0.0
42.0 83.0 15.0 0.494 20.75 0.0 0.25 0.0 0.0 0.0
42.0 84.0 15.0 0.5 21.0 0.0 0.25 0.0 0.0 0.0
42.0 85.0 15.0 0.506 21.25 0.0 0.25 0.0 0.0 0.0
42.0 86.0 15.0 0.5119 21.5 0.0 0.25 0.0 0.0 0.0
42.0 87.0 15.0 0.5179 21.75 0.0 0.25 0.0 0.0 0.0
42.0 88.0 15.0 0.5238 22.0 0.0 0.25 0.0 0.0 0.0
42.0 89.0 15.0 0.5298 22.25 0.0 0.25 0.0 0.0 0.0
42.0 90.0 15.0 0.5357 22.5 0.0 0.25 0.0 0.0 0.0
42.0 91.0 15.0 0.5417 22.75 0.0 0.25 0.0 0.0 0.0
42.0 92.0 15.0 0.5476 23.0 0.0 0.25 0.0 0.0 0.0
42.0 93.0 15.0 0.5536 23.25 0.0 0.25 0.0 0.0 0.0
42.0 94.0 15.0 0.5595 23.5 0.0 0.25 0.0 0.0 0.0
42.0 95.0 15.0 0.5655 23.75 0.0 0.25 0.0 0.0 0.0
42.0 96.0 15.0 0.5714 24.0 0.0 0.25 0.0 0.0 0.0
42.0 97.0 15.0 0.5774 24.25 0.0 0.25 0.0 0.0 0.0
42.0 98.0 15.0 0.5833 24.5 0.0 0.25 0.0 0.0 0.0
42.0 99.0 15.0 0.5893 24.75 0.0 0.25 0.0 0.0 0.0
42.0 100.0 15.0 0.5952 25.0 0.0 0.25 0.0 0.0 0.0
42.0 101.0 15.0 0.6012 25.25 0.0 0.25 0.0 0.0 0.0
42.0 102.0 15.0 0.6071 25.5 0.0 0.25 0.0 0.0 0.0
42.0 103.0 15.0 0.6131 25.75 0.0 0.25 0.0 0.0 0.0
42.0 104.0 15.0 0.619 26.0 0.0 0.25 0.0 0.0 0.0
42.0 105.0 15.0 0.625 26.25 0.0 0.25 0.0 0.0 0.0
42.0 106.0 15.0 0.631 26.5 0.0 0.25 0.0 0.0 0.0
42.0 107.0 15.0 0.6369 26.75 0.0 0.25 0.0 0.0 0.0
42.0 108.0 15.0 0.6429 27.0 0.0 0.25 0.0 0.0 0.0
42.0 109.0 15.0 0.6488 27.25 0.0 0.25 0.0 0.0 0.0
42.0 110.0 15.0 0.6548 27.5 0.0 0.25 0.0 0.0 0.0
42.0 111.0 15.0 0.6607 27.75 0.0 0.25 0.0 0.0 0.0
42.0 112.0 15.0 0.6667 28.0 0.0 0.25 0.0 0.0 0.0
42.0 113.0 15.0 0.6726 28.25 0.0 0.25 0.0 0.0 0.0
42.0 114.0 15.0 0.6786 28.5 0.0 0.25 0.0 0.0 0.0
42.0 115.0 15.0 0.6845 28.75 0.0 0.25 0.0 0.0 0.0
42.0 116.0 15.0 0.6905 29.0 0.0 0.25 0.0 0.0 0.0
42.0 117.0 15.0 0.6964 29.25 0.0 0.25 0.0 0.0 0.0
42.0 118.0 15.0 0.7024 29.5 0.0 0.25 0.0 0.0 0.0
42.0 119.0 15.0 0.7083 29.75 0.0 0.25 0.0 0.0 0.0
42.0 120.0 15.0 0.7143 30.0 0.0 0.25 0.0 0.0 0.0
42.0 121.0 15.0 0.7202 30.25 0.0 0.25 0.0 0.0 0.0
42.0 122.0 15.0 0.7262 30.5 0.0 0.25 0.0 0.0 0.0
42.0 123.0 15.0 0.7321 30.75 0.0 0.25 0.0 0.0 0.0
42.0 124.0 15.0 0.7381 31.0 0.0 0.25 0.0 0.0 0.0
42.0 125.0 15.0 0.744 31.25 0.0 0.25 0.0 0.0 0.0
42.0 126.0 15.0 0.75 31.5 0.0 0.25 0.0 0.0 0.0
42.0 127.0 15.0 0.756 31.75 0.0 0.25 0.0 0.0 0.0
42.0 128.0 15.0 0.7619 32.0 0.0 0.25 0.0 0.0 0.0
42.0 129.0 15.0 0.7679 32.25 0.0 0.25 0.0 0.0 0.0
42.0 130.0 15.0 0.7738 32.5 0.0 0.25 0.0 0.0 0.0
42.0 131.0 15.0 0.7798 32.75 0.0 0.25 0.0 0.0 0.0
42.0 132.0 15.0 0.7857 33.0 0.0 0.25 0.0 0.0 0.0
42.0 133.0 15.0 0.7917 33.25 0.0 0.25 0.0 0.0 0.0
42.0 134.0 15.0 0.7976 33.5 0.0 0.25 0.0 0.0 0.0
42.0 135.0 15.0 0.8036 33.75 0.0 0.25 0.0 0.0 0.0
42.0 136.0 15.0 0.8095 34.0 0.0 0.25 0.0 0.0 0.0
42.0 137.0 15.0 0.8155 34.25 0.0 0.25 0.0 0.0 0.0
42.0 138.0 15.0 0.8214 34.5 0.0 0.25 0.0 0.0 0.0
42.0 139.0 15.0 0.8274 34.75 0.0 0.25 0.0 0.0 0.0
42.0 140.0 15.0 0.8333 35.0 0.0 0.25 0.0 0.0 0.0
42.0 141.0 15.0 0.8393 35.25 0.0 0.25 0.0 0.0 0.0
42.0 142.0 15.0 0.8452 35.5 0.0 0.25 0.0 0.0 0.0
42.0 143.0 15.0 0.8512 35.75 0.0 0.25 0.0 0.0 0.0
42.0 144.0 15.0 0.8571 36.0 0.0 0.25 0.0 0.0 0.0
42.0 145.0 15.0 0.8631 36.25 0.0 0.25 0.0 0.0 0.0
42.0 146.0 15.0 0.869 36.5 0.0 0.25 0.0 0.0 0.0
42.0 147.0 15.0 0.875 36.75 0.0 0.25 0.0 0.0 0.0
42.0 148.0 15.0 0.881 37.0 0.0 0.25 0.0 0.0 0.0
42.0 149.0 15.0 0.8869 37.25 0.0 0.25 0.0 0.0 0.0
42.0 150.0 15.0 0.8929 37.5 0.0 0.25 0.0 0.0 0.0
42.0 151.0 15.0 0.8988 37.75 0.0 0.25 0.0 0.0 0.0
42.0 152.0 15.0 0.9048 38.0 0.0 0.25 0.0 0.0 0.0
42.0 153.0 15.0 0.9107 38.25 0.0 0.25 0.0 0.0 0.0
42.0 154.0 15.0 0.9167 38.5 0.0 0.25 0.0 0.0 0.0
42.0 155.0 15.0 0.9226 38.75 0.0 0.25 0.0 0.0 0.0
42.0 156.0 15.0 0.9286 39.0 0.0 0.25 0.0 0.0 0.0
42.0 157.0 15.0 0.9345 39.25 0.0 0.25 0.0 0.0 0.0
42.0 158.0 15.0 0.9405 39.5 0.0 0.25 0.0 0.0 0.0
42.0 159.0 15.0 0.9464 39.75 0.0 0.25 0.0 0.0 0.0
42.0 160.0 15.0 0.9524 40.0 0.0 0.25 0.0 0.0 0.0
42.0 161.0 15.0 0.9583 40.25 0.0 0.25 0.0 0.0 0.0
42.0 162.0 15.0 0.9643 40.5 0.0 0.25 0.0 0.0 0.0
42.0 163.0 15.0 0.9702 40.75 0.0 0.25 0.0 0.0 0.0
42.0 164.0 15.0 0.9762 41.0 0.0 0.25 0.0 0.0 0.0
42.0 165.0 15.0 0.9821 41.25 0.0 0.25 0.0 0.0 0.0
42.0 166.0 15.0 0.9881 41.5 0.0 0.25 0.0 0.0 0.0
42.0 167.0 15.0 0.994 41.75 0.0 0.25 0.0 0.0 0.0
42.0 1.0 30.0 0.0119 0.5 0.0 0.5 0.0 0.6065 0.0
42.0 2.0 30.0 0.0238 1.0 0.0 0.5 0.0 0.3679 0.0
42.0 3.0 30.0 0.0357 1.5 0.0 0.5 0.0 0.2231 0.0
42.0 4.0 30.0 0.0476 2.0 0.0 0.5 0.0 0.1353 0.0
42.0 5.0 30.0 0.0595 2.5 0.0 0.5 0.0 0.0821 0.0
42.0 6.0 30.0 0.0714 3.0 0.0 0.5 0.0 0.0498 0.0
42.0 7.0 30.0 0.0833 3.5 0.0 0.5 0.0 0.0302 0.0
42.0 8.0 30.0 0.0952 4.0 0.0 0.5 0.0 0.0183 0.0
42.0 9.0 30.0 0.1071 4.5 0.0 0.5 0.0 0.0111 0.0
42.0 10.0 30.0 0.119 5.0 0.0 0.5 0.0 0.0067 0.0
42.0 11.0 30.0 0.131 5.5 0.0 0.5 0.0 0.0041 0.0
42.0 12.0 30.0 0.1429 6.0 0.0 0.5 0.0 0.0025 0.0
42.0 13.0 30.0 0.1548 6.5 0.0 0.5 0.0 0.0015 0.0
42.0 14.0 30.0 0.1667 7.0 0.0 0.5 0.0 9.0E-4 0.0
42.0 15.0 30.0 0.1786 7.5 0.0 0.5 0.0 6.0E-4 0.0
42.0 16.0 30.0 0.1905 8.0 0.0 0.5 0.0 3.0E-4 0.0
42.0 17.0 30.0 0.2024 8.5 0.0 0.5 0.0 2.0E-4 0.0
42.0 18.0 30.0 0.2143 9.0 0.0 0.5 0.0 1.0E-4 0.0
42.0 19.0 30.0 0.2262 9.5 0.0 0.5 0.0 1.0E-4 0.0
42.0 20.0 30.0 0.2381 10.0 0.0 0.5 0.0 0.0 0.0
42.0 21.0 30.0 0.25 10.5 0.0 0.5 0.0 0.0 0.0
42.0 22.0 30.0 0.2619 11.0 0.0 0.5 0.0 0.0 0.0
42.0 23.0 30.0 0.2738 11.5 0.0 0.5 0.0 0.0 0.0
42.0 24.0 30.0 0.2857 12.0 0.0 0.5 0.0 0.0 0.0
42.0 25.0 30.0 0.2976 12.5 0.0 0.5 0.0 0.0 0.0
42.0 26.0 30.0 0.3095 13.0 0.0 0.5 0.0 0.0 0.0
42.0 27.0 30.0 0.3214 13.5 0.0 0.5 0.0 0.0 0.0
42.0 28.0 30.0 0.3333 14.0 0.0 0.5 0.0 0.0 0.0
42.0 29.0 30.0 0.3452 14.5 0.0 0.5 0.0 0.0 0.0
42.0 30.0 30.0 0.3571 15.0 0.0 0.5 0.0 0.0 0.0
42.0 31.0 30.0 0.369 15.5 0.0 0.5 0.0 0.0 0.0
42.0 32.0 30.0 0.381 16.0 0.0 0.5 0.0 0.0 0.0
42.0 33.0 30.0 0.3929 16.5 0.0 0.5 0.0 0.0 0.0
42.0 34.0 30.0 0.4048 17.0 0.0 0.5 0.0 0.0 0.0
42.0 35.0 30.0 0.4167 17.5 0.0 0.5 0.0 0.0 0.0
42.0 36.0 30.0 0.4286 18.0 0.0 0.5 0.0 0.0 0.0
42.0 37.0 30.0 0.4405 18.5 0.0 0.5 0.0 0.0 0.0
42.0 38.0 30.0 0.4524 19.0 0.0 0.5 0.0 0.0 0.0
42.0 39.0 30.0 0.4643 19.5 0.0 0.5 0.0 0.0 0.0
42.0 40.0 30.0 0.4762 20.0 0.0 0.5 0.0 0.0 0.0
42.0 41.0 30.0 0.4881 20.5 0.0 0.5 0.0 0.0 0.0
42.0 42.0 30.0 0.5 21.0 0.0 0.5 0.0 0.0 0.0
42.0 43.0 30.0 0.5119 21.5 0.0 0.5 0.0 0.0 0.0
42.0 44.0 30.0 0.5238 22.0 0.0 0.5 0.0 0.0 0.0
42.0 45.0 30.0 0.5357 22.5 0.0 0.5 0.0 0.0 0.0
42.0 46.0 30.0 0.5476 23.0 0.0 0.5 0.0 0.0 0.0
42.0 47.0 30.0 0.5595 23.5 0.0 0.5 0.0 0.0 0.0
42.0 48.0 30.0 0.5714 24.0 0.0 0.5 0.0 0.0 0.0
42.0 49.0 30.0 0.5833 24.5 0.0 0.5 0.0 0.0 0.0
42.0 50.0 30.0 0.5952 25.0 0.0 0.5 0.0 0.0 0.0
42.0 51.0 30.0 0.6071 25.5 0.0 0.5 0.0 0.0 0.0
42.0 52.0 30.0 0.619 26.0 0.0 0.5 0.0 0.0 0.0
42.0 53.0 30.0 0.631 26.5 0.0 0.5 0.0 0.0 0.0
42.0 54.0 30.0 0.6429 27.0 0.0 0.5 0.0 0.0 0.0
42.0 55.0 30.0 0.6548 27.5 0.0 0.5 0.0 0.0 0.0
42.0 56.0 30.0 0.6667 28.0 0.0 0.5 0.0 0.0 0.0
42.0 57.0 30.0 0.6786 28.5 0.0 0.5 0.0 0.0 0.0
42.0 58.0 30.0 0.6905 29.0 0.0 0.5 0.0 0.0 0.0
42.0 59.0 30.0 0.7024 29.5 0.0 0.5 0.0 0.0 0.0
42.0 60.0 30.0 0.7143 30.0 0.0 0.5 0.0 0.0 0.0
42.0 61.0 30.0 0.7262 30.5 0.0 0.5 0.0 0.0 0.0
42.0 62.0 30.0 0.7381 31.0 0.0 0.5 0.0 0.0 0.0
42.0 63.0 30.0 0.75 31.5 0.0 0.5 0.0 0.0 0.0
42.0 64.0 30.0 0.7619 32.0 0.0 0.5 0.0 0.0 0.0
42.0 65.0 30.0 0.7738 32.5 0.0 0.5 0.0 0.0 0.0
42.0 66.0 30.0 0.7857 33.0 0.0 0.5 0.0 0.0 0.0
42.0 67.0 30.0 0.7976 33.5 0.0 0.5 0.0 0.0 0.0
42.0 68.0 30.0 0.8095 34.0 0.0 0.5 0.0 0.0 0.0
42.0 69.0 30.0 0.8214 34.5 0.0 0.5 0.0 0.0 0.0
42.0 70.0 30.0 0.8333 35.0 0.0 0.5 0.0 0.0 0.0
42.0 71.0 30.0 0.8452 35.5 0.0 0.5 0.0 0.0 0.0
42.0 72.0 30.0 0.8571 36.0 0.0 0.5 0.0 0.0 0.0
42.0 73.0 30.0 0.869 36.5 0.0 0.5 0.0 0.0 0.0
42.0 74.0 30.0 0.881 37.0 0.0 0.5 0.0 0.0 0.0
42.0 75.0 30.0 0.8929 37.5 0.0 0.5 0.0 0.0 0.0
42.0 76.0 30.0 0.9048 38.0 0.0 0.5 0.0 0.0 0.0
42.0 77.0 30.0 0.9167 38.5 0.0 0.5 0.0 0.0 0.0
42.0 78.0 30.0 0.9286 39.0 0.0 0.5 0.0 0.0 0.0
42.0 79.0 30.0 0.9405 39.5 0.0 0.5 0.0 0.0 0.0
42.0 80.0 30.0 0.9524 40.0 0.0 0.5 0.0 0.0 0.0
42.0 81.0 30.0 0.9643 40.5 0.0 0.5 0.0 0.0 0.0
42.0 82.0 30.0 0.9762 41.0 0.0 0.5 0.0 0.0 0.0
42.0 83.0 30.0 0.9881 41.5 0.0 0.5 0.0 0.0 0.0
42.0 1.0 45.0 0.0179 0.75 0.0 0.75 0.0 0.4724 0.0
42.0 2.0 45.0 0.0357 1.5 0.0 0.75 0.0 0.2231 0.0
42.0 3.0 45.0 0.0536 2.25 0.0 0.75 0.0 0.1054 0.0
42.0 4.0 45.0 0.0714 3.0 0.0 0.75 0.0 0.0498 0.0
42.0 5.0 45.0 0.0893 3.75 0.0 0.75 0.0 0.0235 0.0
42.0 6.0 45.0 0.1071 4.5 0.0 0.75 0.0 0.0111 0.0
42.0 7.0 45.0 0.125 5.25 0.0 0.75 0.0 0.0052 0.0
42.0 8.0 45.0 0.1429 6.0 0.0 0.75 0.0 0.0025 0.0
42.0 9.0 45.0 0.1607 6.75 0.0 0.75 0.0 0.0012 0.0
42.0 10.0 45.0 0.1786 7.5 0.0 0.75 0.0 6.0E-4 0.0
42.0 11.0 45.0 0.1964 8.25 0.0 0.75 0.0 3.0E-4 0.0
42.0 12.0 45.0 0.2143 9.0 0.0 0.75 0.0 1.0E-4 0.0
42.0 13.0 45.0 0.2321 9.75 0.0 0.75 0.0 1.0E-4 0.0
42.0 14.0 45.0 0.25 10.5 0.0 0.75 0.0 0.0 0.0
42.0 15.0 45.0 0.2679 11.25 0.0 0.75 0.0 0.0 0.0
42.0 16.0 45.0 0.2857 12.0 0.0 0.75 0.0 0.0 0.0
42.0 17.0 45.0 0.3036 12.75 0.0 0.75 0.0 0.0 0.0
42.0 18.0 45.0 0.3214 13.5 0.0 0.75 0.0 0.0 0.0
42.0 19.0 45.0 0.3393 14.25 0.0 0.75 0.0 0.0 0.0
42.0 20.0 45.0 0.3571 15.0 0.0 0.75 0.0 0.0 0.0
42.0 21.0 45.0 0.375 15.75 0.0 0.75 0.0 0.0 0.0
42.0 22.0 45.0 0.3929 16.5 0.0 0.75 0.0 0.0 0.0
42.0 23.0 45.0 0.4107 17.25 0.0 0.75 0.0 0.0 0.0
42.0 24.0 45.0 0.4286 18.0 0.0 0.75 0.0 0.0 0.0
42.0 25.0 45.0 0.4464 18.75 0.0 0.75 0.0 0.0 0.0
42.0 26.0 45.0 0.4643 19.5 0.0 0.75 0.0 0.0 0.0
42.0 27.0 45.0 0.4821 20.25 0.0 0.75 0.0 0.0 0.0
42.0 28.0 45.0 0.5 21.0 0.0 0.75 0.0 0.0 0.0
42.0 29.0 45.0 0.5179 21.75 0.0 0.75 0.0 0.0 0.0
42.0 30.0 45.0 0.5357 22.5 0.0 0.75 0.0 0.0 0.0
42.0 31.0 45.0 0.5536 23.25 0.0 0.75 0.0 0.0 0.0
42.0 32.0 45.0 0.5714 24.0 0.0 0.75 0.0 0.0 0.0
42.0 33.0 45.0 0.5893 24.75 0.0 0.75 0.0 0.0 0.0
42.0 34.0 45.0 0.6071 25.5 0.0 0.75 0.0 0.0 0.0
42.0 35.0 45.0 0.625 26.25 0.0 0.75 0.0 0.0 0.0
42.0 36.0 45.0 0.6429 27.0 0.0 0.75 0.0 0.0 0.0
42.0 37.0 45.0 0.6607 27.75 0.0 0.75 0.0 0.0 0.0
42.0 38.0 45.0 0.6786 28.5 0.0 0.75 0.0 0.0 0.0
42.0 39.0 45.0 0.6964 29.25 0.0 0.75 0.0 0.0 0.0
42.0 40.0 45.0 0.7143 30.0 0.0 0.75 0.0 0.0 0.0
42.0 41.0 45.0 0.7321 30.75 0.0 0.75 0.0 0.0 0.0
42.0 42.0 45.0 0.75 31.5 0.0 0.75 0.0 0.0 0.0
42.0 43.0 45.0 0.7679 32.25 0.0 0.75 0.0 0.0 0.0
42.0 44.0 45.0 0.7857 33.0 0.0 0.75 0.0 0.0 0.0
42.0 45.0 45.0 0.8036 33.75 0.0 0.75 0.0 0.0 0.0
42.0 46.0 45.0 0.8214 34.5 0.0 0.75 0.0 0.0 0.0
42.0 47.0 45.0 0.8393 35.25 0.0 0.75 0.0 0.0 0.0
42.0 48.0 45.0 0.8571 36.0 0.0 0.75 0.0 0.0 0.0
42.0 49.0 45.0 0.875 36.75 0.0 0.75 0.0 0.0 0.0
42.0 50.0 45.0 0.8929 37.5 0.0 0.75 0.0 0.0 0.0
42.0 51.0 45.0 0.9107 38.25 0.0 0.75 0.0 0.0 0.0
42.0 52.0 45.0 0.9286 39.0 0.0 0.75 0.0 0.0 0.0
42.0 53.0 45.0 0.9464 39.75 0.0 0.75 0.0 0.0 0.0
42.0 54.0 45.0 0.9643 40.5 0.0 0.75 0.0 0.0 0.0
42.0 55.0 45.0 0.9821 41.25 0.0 0.75 0.0 0.0 0.0
42.0 1.0 60.0 0.0238 1.0 0.0 1.0 0.0 0.3679 0.0
42.0 2.0 60.0 0.0476 2.0 0.0 1.0 0.0 0.1353 0.0
42.0 3.0 60.0 0.0714 3.0 0.0 1.0 0.0 0.0498 0.0
42.0 4.0 60.0 0.0952 4.0 0.0 1.0 0.0 0.0183 0.0
42.0 5.0 60.0 0.119 5.0 0.0 1.0 0.0 0.0067 0.0
42.0 6.0 60.0 0.1429 6.0 0.0 1.0 0.0 0.0025 0.0
42.0 7.0 60.0 0.1667 7.0 0.0 1.0 0.0 9.0E-4 0.0
42.0 8.0 60.0 0.1905 8.0 0.0 1.0 0.0 3.0E-4 0.0
42.0 9.0 60.0 0.2143 9.0 0.0 1.0 0.0 1.0E-4 0.0
42.0 10.0 60.0 0.2381 10.0 0.0 1.0 0.0 0.0 0.0
42.0 11.0 60.0 0.2619 11.0 0.0 1.0 0.0 0.0 0.0
42.0 12.0 60.0 0.2857 12.0 0.0 1.0 0.0 0.0 0.0
42.0 13.0 60.0 0.3095 13.0 0.0 1.0 0.0 0.0 0.0
42.0 14.0 60.0 0.3333 14.0 0.0 1.0 0.0 0.0 0.0
42.0 15.0 60.0 0.3571 15.0 0.0 1.0 0.0 0.0 0.0
42.0 16.0 60.0 0.381 16.0 0.0 1.0 0.0 0.0 0.0
42.0 17.0 60.0 0.4048 17.0 0.0 1.0 0.0 0.0 0.0
42.0 18.0 60.0 0.4286 18.0 0.0 1.0 0.0 0.0 0.0
42.0 19.0 60.0 0.4524 19.0 0.0 1.0 0.0 0.0 0.0
42.0 20.0 60.0 0.4762 20.0 0.0 1.0 0.0 0.0 0.0
42.0 21.0 60.0 0.5 21.0 0.0 1.0 0.0 0.0 0.0
42.0 22.0 60.0 0.5238 22.0 0.0 1.0 0.0 0.0 0.0
42.0 23.0 60.0 0.5476 23.0 0.0 1.0 0.0 0.0 0.0
42.0 24.0 60.0 0.5714 24.0 0.0 1.0 0.0 0.0 0.0
42.0 25.0 60.0 0.5952 25.0 0.0 1.0 0.0 0.0 0.0
42.0 26.0 60.0 0.619 26.0 0.0 1.0 0.0 0.0 0.0
42.0 27.0 60.0 0.6429 27.0 0.0 1.0 0.0 0.0 0.0
42.0 28.0 60.0 0.6667 28.0 0.0 1.0 0.0 0.0 0.0
42.0 29.0 60.0 0.6905 29.0 0.0 1.0 0.0 0.0 0.0
42.0 30.0 60.0 0.7143 30.0 0.0 1.0 0.0 0.0 0.0
42.0 31.0 60.0 0.7381 31.0 0.0 1.0 0.0 0.0 0.0
42.0 32.0 60.0 0.7619 32.0 0.0 1.0 0.0 0.0 0.0
42.0 33.0 60.0 0.7857 33.0 0.0 1.0 0.0 0.0 0.0
42.0 34.0 60.0 0.8095 34.0 0.0 1.0 0.0 0.0 0.0
42.0 35.0 60.0 0.8333 35.0 0.0 1.0 0.0 0.0 0.0
42.0 36.0 60.0 0.8571 36.0 0.0 1.0 0.0 0.0 0.0
42.0 37.0 60.0 0.881 37.0 0.0 1.0 0.0 0.0 0.0
42.0 38.0 60.0 0.9048 38.0 0.0 1.0 0.0 0.0 0.0
42.0 39.0 60.0 0.9286 39.0 0.0 1.0 0.0 0.0 0.0
42.0 40.0 60.0 0.9524 40.0 0.0 1.0 0.0 0.0 0.0
42.0 41.0 60.0 0.9762 41.0 0.0 1.0 0.0 0.0 0.0
42.0 1.0 75.0 0.0298 1.25 0.0 1.25 0.0 0.2865 0.0
42.0 2.0 75.0 0.0595 2.5 0.0 1.25 0.0 0.0821 0.0
42.0 3.0 75.0 0.0893 3.75 0.0 1.25 0.0 0.0235 0.0
42.0 4.0 75.0 0.119 5.0 0.0 1.25 0.0 0.0067 0.0
42.0 5.0 75.0 0.1488 6.25 0.0 1.25 0.0 0.0019 0.0
42.0 6.0 75.0 0.1786 7.5 0.0 1.25 0.0 6.0E-4 0.0
42.0 7.0 75.0 0.2083 8.75 0.0 1.25 0.0 2.0E-4 0.0
42.0 8.0 75.0 0.2381 10.0 0.0 1.25 0.0 0.0 0.0
42.0 9.0 75.0 0.2679 11.25 0.0 1.25 0.0 0.0 0.0
42.0 10.0 75.0 0.2976 12.5 0.0 1.25 0.0 0.0 0.0
42.0 11.0 75.0 0.3274 13.75 0.0 1.25 0.0 0.0 0.0
42.0 12.0 75.0 0.3571 15.0 0.0 1.25 0.0 0.0 0.0
42.0 13.0 75.0 0.3869 16.25 0.0 1.25 0.0 0.0 0.0
42.0 14.0 75.0 0.4167 17.5 0.0 1.25 0.0 0.0 0.0
42.0 15.0 75.0 0.4464 18.75 0.0 1.25 0.0 0.0 0.0
42.0 16.0 75.0 0.4762 20.0 0.0 1.25 0.0 0.0 0.0
42.0 17.0 75.0 0.506 21.25 0.0 1.25 0.0 0.0 0.0
42.0 18.0 75.0 0.5357 22.5 0.0 1.25 0.0 0.0 0.0
42.0 19.0 75.0 0.5655 23.75 0.0 1.25 0.0 0.0 0.0
42.0 20.0 75.0 0.5952 25.0 0.0 1.25 0.0 0.0 0.0
42.0 21.0 75.0 0.625 26.25 0.0 1.25 0.0 0.0 0.0
42.0 22.0 75.0 0.6548 27.5 0.0 1.25 0.0 0.0 0.0
42.0 23.0 75.0 0.6845 28.75 0.0 1.25 0.0 0.0 0.0
42.0 24.0 75.0 0.7143 30.0 0.0 1.25 0.0 0.0 0.0
42.0 25.0 75.0 0.744 31.25 0.0 1.25 0.0 0.0 0.0
42.0 26.0 75.0 0.7738 32.5 0.0 1.25 0.0 0.0 0.0
42.0 27.0 75.0 0.8036 33.75 0.0 1.25 0.0 0.0 0.0
42.0 28.0 75.0 0.8333 35.0 0.0 1.25 0.0 0.0 0.0
42.0 29.0 75.0 0.8631 36.25 0.0 1.25 0.0 0.0 0.0
42.0 30.0 75.0 0.8929 37.5 0.0 1.25 0.0 0.0 0.0
42.0 31.0 75.0 0.9226 38.75 0.0 1.25 0.0 0.0 0.0
42.0 32.0 75.0 0.9524 40.0 0.0 1.25 0.0 0.0 0.0
42.0 33.0 75.0 0.9821 41.25 0.0 1.25 0.0 0.0 0.0
42.0 1.0 90.0 0.0357 1.5 0.0 1.5 0.0 0.2231 0.0
42.0 2.0 90.0 0.0714 3.0 0.0 1.5 0.0 0.0498 0.0
42.0 3.0 90.0 0.1071 4.5 0.0 1.5 0.0 0.0111 0.0
42.0 4.0 90.0 0.1429 6.0 0.0 1.5 0.0 0.0025 0.0
42.0 5.0 90.0 0.1786 7.5 0.0 1.5 0.0 6.0E-4 0.0
42.0 6.0 90.0 0.2143 9.0 0.0 1.5 0.0 1.0E-4 0.0
42.0 7.0 90.0 0.25 10.5 0.0 1.5 0.0 0.0 0.0
42.0 8.0 90.0 0.2857 12.0 0.0 1.5 0.0 0.0 0.0
42.0 9.0 90.0 0.3214 13.5 0.0 1.5 0.0 0.0 0.0
42.0 10.0 90.0 0.3571 15.0 0.0 1.5 0.0 0.0 0.0
42.0 11.0 90.0 0.3929 16.5 0.0 1.5 0.0 0.0 0.0
42.0 12.0 90.0 0.4286 18.0 0.0 1.5 0.0 0.0 0.0
42.0 13.0 90.0 0.4643 19.5 0.0 1.5 0.0 0.0 0.0
42.0 14.0 90.0 0.5 21.0 0.0 1.5 0.0 0.0 0.0
42.0 15.0 90.0 0.5357 22.5 0.0 1.5 0.0 0.0 0.0
42.0 16.0 90.0 0.5714 24.0 0.0 1.5 0.0 0.0 0.0
42.0 17.0 90.0 0.6071 25.5 0.0 1.5 0.0 0.0 0.0
42.0 18.0 90.0 0.6429 27.0 0.0 1.5 0.0 0.0 0.0
42.0 19.0 90.0 0.6786 28.5 0.0 1.5 0.0 0.0 0.0
42.0 20.0 90.0 0.7143 30.0 0.0 1.5 0.0 0.0 0.0
42.0 21.0 90.0 0.75 31.5 0.0 1.5 0.0 0.0 0.0
42.0 22.0 90.0 0.7857 33.0 0.0 1.5 0.0 0.0 0.0
42.0 23.0 90.0 0.8214 34.5 0.0 1.5 0.0 0.0 0.0
42.0 24.0 90.0 0.8571 36.0 0.0 1.5 0.0 0.0 0.0
42.0 25.0 90.0 0.8929 37.5 0.0 1.5 0.0 0.0 0.0
42.0 26.0 90.0 0.9286 39.0 0.0 1.5 0.0 0.0 0.0
42.0 27.0 90.0 0.9643 40.5 0.0 1.5 0.0 0.0 0.0
42.0 1.0 105.0 0.0417 1.75 0.0 1.75 0.0 0.1738 0.0
42.0 2.0 105.0 0.0833 3.5 0.0 1.75 0.0 0.0302 0.0
42.0 3.0 105.0 0.125 5.25 0.0 1.75 0.0 0.0052 0.0
42.0 4.0 105.0 0.1667 7.0 0.0 1.75 0.0 9.0E-4 0.0
42.0 5.0 105.0 0.2083 8.75 0.0 1.75 0.0 2.0E-4 0.0
42.0 6.0 105.0 0.25 10.5 0.0 1.75 0.0 0.0 0.0
42.0 7.0 105.0 0.2917 12.25 0.0 1.75 0.0 0.0 0.0
42.0 8.0 105.0 0.3333 14.0 0.0 1.75 0.0 0.0 0.0
42.0 9.0 105.0 0.375 15.75 0.0 1.75 0.0 0.0 0.0
42.0 10.0 105.0 0.4167 17.5 0.0 1.75 0.0 0.0 0.0
42.0 11.0 105.0 0.4583 19.25 0.0 1.75 0.0 0.0 0.0
42.0 12.0 105.0 0.5 21.0 0.0 1.75 0.0 0.0 0.0
42.0 13.0 105.0 0.5417 22.75 0.0 1.75 0.0 0.0 0.0
42.0 14.0 105.0 0.5833 24.5 0.0 1.75 0.0 0.0 0.0
42.0 15.0 105.0 0.625 26.25 0.0 1.75 0.0 0.0 0.0
42.0 16.0 105.0 0.6667 28.0 0.0 1.75 0.0 0.0 0.0
42.0 17.0 105.0 0.7083 29.75 0.0 1.75 0.0 0.0 0.0
42.0 18.0 105.0 0.75 31.5 0.0 1.75 0.0 0.0 0.0
42.0 19.0 105.0 0.7917 33.25 0.0 1.75 0.0 0.0 0.0
42.0 20.0 105.0 0.8333 35.0 0.0 1.75 0.0 0.0 0.0
42.0 21.0 105.0 0.875 36.75 0.0 1.75 0.0 0.0 0.0
42.0 22.0 105.0 0.9167 38.5 0.0 1.75 0.0 0.0 0.0
42.0 23.0 105.0 0.9583 40.25 0.0 1.75 0.0 0.0 0.0
42.0 1.0 120.0 0.0476 2.0 0.0 2.0 0.0 0.1353 0.0
42.0 2.0 120.0 0.0952 4.0 0.0 2.0 0.0 0.0183 0.0
42.0 3.0 120.0 0.1429 6.0 0.0 2.0 0.0 0.0025 0.0
42.0 4.0 120.0 0.1905 8.0 0.0 2.0 0.0 3.0E-4 0.0
42.0 5.0 120.0 0.2381 10.0 0.0 2.0 0.0 0.0 0.0
42.0 6.0 120.0 0.2857 12.0 0.0 2.0 0.0 0.0 0.0
42.0 7.0 120.0 0.3333 14.0 0.0 2.0 0.0 0.0 0.0
42.0 8.0 120.0 0.381 16.0 0.0 2.0 0.0 0.0 0.0
42.0 9.0 120.0 0.4286 18.0 0.0 2.0 0.0 0.0 0.0
42.0 10.0 120.0 0.4762 20.0 0.0 2.0 0.0 0.0 0.0
42.0 11.0 120.0 0.5238 22.0 0.0 2.0 0.0 0.0 0.0
42.0 12.0 120.0 0.5714 24.0 0.0 2.0 0.0 0.0 0.0
42.0 13.0 120.0 0.619 26.0 0.0 2.0 0.0 0.0 0.0
42.0 14.0 120.0 0.6667 28.0 0.0 2.0 0.0 0.0 0.0
42.0 15.0 120.0 0.7143 30.0 0.0 2.0 0.0 0.0 0.0
42.0 16.0 120.0 0.7619 32.0 0.0 2.0 0.0 0.0 0.0
42.0 17.0 120.0 0.8095 34.0 0.0 2.0 0.0 0.0 0.0
42.0 18.0 120.0 0.8571 36.0 0.0 2.0 0.0 0.0 0.0
42.0 19.0 120.0 0.9048 38.0 0.0 2.0 0.0 0.0 0.0
42.0 20.0 120.0 0.9524 40.0 0.0 2.0 0.0 0.0 0.0
42.0 1.0 135.0 0.0536 2.25 0.0 2.25 0.0 0.1054 0.0
42.0 2.0 135.0 0.1071 4.5 0.0 2.25 0.0 0.0111 0.0
42.0 3.0 135.0 0.1607 6.75 0.0 2.25 0.0 0.0012 0.0
42.0 4.0 135.0 0.2143 9.0 0.0 2.25 0.0 1.0E-4 0.0
42.0 5.0 135.0 0.2679 11.25 0.0 2.25 0.0 0.0 0.0
42.0 6.0 135.0 0.3214 13.5 0.0 2.25 0.0 0.0 0.0
42.0 7.0 135.0 0.375 15.75 0.0 2.25 0.0 0.0 0.0
42.0 8.0 135.0 0.4286 18.0 0.0 2.25 0.0 0.0 0.0
42.0 9.0 135.0 0.4821 20.25 0.0 2.25 0.0 0.0 0.0
42.0 10.0 135.0 0.5357 22.5 0.0 2.25 0.0 0.0 0.0
42.0 11.0 135.0 0.5893 24.75 0.0 2.25 0.0 0.0 0.0
42.0 12.0 135.0 0.6429 27.0 0.0 2.25 0.0 0.0 0.0
42.0 13.0 135.0 0.6964 29.25 0.0 2.25 0.0 0.0 0.0
42.0 14.0 135.0 0.75 31.5 0.0 2.25 0.0 0.0 0.0
42.0 15.0 135.0 0.8036 33.75 0.0 2.25 0.0 0.0 0.0
42.0 16.0 135.0 0.8571 36.0 0.0 2.25 0.0 0.0 0.0
42.0 17.0 135.0 0.9107 38.25 0.0 2.25 0.0 0.0 0.0
42.0 18.0 135.0 0.9643 40.5 0.0 2.25 0.0 0.0 0.0
42.0 1.0 150.0 0.0595 2.5 0.0 2.5 0.0 0.0821 0.0
42.0 2.0 150.0 0.119 5.0 0.0 2.5 0.0 0.0067 0.0
42.0 3.0 150.0 0.1786 7.5 0.0 2.5 0.0 6.0E-4 0.0
42.0 4.0 150.0 0.2381 10.0 0.0 2.5 0.0 0.0 0.0
42.0 5.0 150.0 0.2976 12.5 0.0 2.5 0.0 0.0 0.0
42.0 6.0 150.0 0.3571 15.0 0.0 2.5 0.0 0.0 0.0
42.0 7.0 150.0 0.4167 17.5 0.0 2.5 0.0 0.0 0.0
42.0 8.0 150.0 0.4762 20.0 0.0 2.5 0.0 0.0 0.0
42.0 9.0 150.0 0.5357 22.5 0.0 2.5 0.0 0.0 0.0
42.0 10.0 150.0 0.5952 25.0 0.0 2.5 0.0 0.0 0.0
42.0 11.0 150.0 0.6548 27.5 0.0 2.5 0.0 0.0 0.0
42.0 12.0 150.0 0.7143 30.0 0.0 2.5 0.0 0.0 0.0
42.0 13.0 150.0 0.7738 32.5 0.0 2.5 0.0 0.0 0.0
42.0 14.0 150.0 0.8333 35.0 0.0 2.5 0.0 0.0 0.0
42.0 15.0 150.0 0.8929 37.5 0.0 2.5 0.0 0.0 0.0
42.0 16.0 150.0 0.9524 40.0 0.0 2.5 0.0 0.0 0.0
42.0 1.0 165.0 0.0655 2.75 0.0 2.75 0.0 0.0639 0.0
42.0 2.0 165.0 0.131 5.5 0.0 2.75 0.0 0.0041 0.0
42.0 3.0 165.0 0.1964 8.25 0.0 2.75 0.0 3.0E-4 0.0
42.0 4.0 165.0 0.2619 11.0 0.0 2.75 0.0 0.0 0.0
42.0 5.0 165.0 0.3274 13.75 0.0 2.75 0.0 0.0 0.0
42.0 6.0 165.0 0.3929 16.5 0.0 2.75 0.0 0.0 0.0
42.0 7.0 165.0 0.4583 19.25 0.0 2.75 0.0 0.0 0.0
42.0 8.0 165.0 0.5238 22.0 0.0 2.75 0.0 0.0 0.0
42.0 9.0 165.0 0.5893 24.75 0.0 2.75 0.0 0.0 0.0
42.0 10.0 165.0 0.6548 27.5 0.0 2.75 0.0 0.0 0.0
42.0 11.0 165.0 0.7202 30.25 0.0 2.75 0.0 0.0 0.0
42.0 12.0 165.0 0.7857 33.0 0.0 2.75 0.0 0.0 0.0
42.0 13.0 165.0 0.8512 35.75 0.0 2.75 0.0 0.0 0.0
42.0 14.0 165.0 0.9167 38.5 0.0 2.75 0.0 0.0 0.0
42.0 15.0 165.0 0.9821 41.25 0.0 2.75 0.0 0.0 0.0
42.0 1.0 180.0 0.0714 3.0 0.0 3.0 0.0 0.0498 0.0
42.0 2.0 180.0 0.1429 6.0 0.0 3.0 0.0 0.0025 0.0
42.0 3.0 180.0 0.2143 9.0 0.0 3.0 0.0 1.0E-4 0.0
42.0 4.0 180.0 0.2857 12.0 0.0 3.0 0.0 0.0 0.0
42.0 5.0 180.0 0.3571 15.0 0.0 3.0 0.0 0.0 0.0
42.0 6.0 180.0 0.4286 18.0 0.0 3.0 0.0 0.0 0.0
42.0 7.0 180.0 0.5 21.0 0.0 3.0 0.0 0.0 0.0
42.0 8.0 180.0 0.5714 24.0 0.0 3.0 0.0 0.0 0.0
42.0 9.0 180.0 0.6429 27.0 0.0 3.0 0.0 0.0 0.0
42.0 10.0 180.0 0.7143 30.0 0.0 3.0 0.0 0.0 0.0
42.0 11.0 180.0 0.7857 33.0 0.0 3.0 0.0 0.0 0.0
42.0 12.0 180.0 0.8571 36.0 0.0 3.0 0.0 0.0 0.0
42.0 13.0 180.0 0.9286 39.0 0.0 3.0 0.0 0.0 0.0
